<?xml version="1.0"?>
<opencv_storage>
<calibration_Time>"Fri Nov 17 01:11:39 2017"</calibration_Time>
<nrOfFrames>25</nrOfFrames>
<image_Width>1280</image_Width>
<image_Height>720</image_Height>
<board_Width>9</board_Width>
<board_Height>6</board_Height>
<square_Size>50.</square_Size>
<FixAspectRatio>1.</FixAspectRatio>
<!-- flags:  +fix_aspectRatio +fix_principal_point +zero_tangent_dist -->
<flagValue>14</flagValue>
<Camera_Matrix type_id="opencv-matrix">
  <rows>3</rows>
  <cols>3</cols>
  <dt>d</dt>
  <data>
    1.0911850497098196e+03 0. 6.3950000000000000e+02 0.
    1.0911850497098196e+03 3.5950000000000000e+02 0. 0. 1.</data></Camera_Matrix>
<Distortion_Coefficients type_id="opencv-matrix">
  <rows>5</rows>
  <cols>1</cols>
  <dt>d</dt>
  <data>
    -1.4009575714218950e-01 1.3824915745600230e+00 0. 0.
    -3.7402320756357037e+00</data></Distortion_Coefficients>
<Avg_Reprojection_Error>1.2758671140952436e+00</Avg_Reprojection_Error>
<Per_View_Reprojection_Errors type_id="opencv-matrix">
  <rows>25</rows>
  <cols>1</cols>
  <dt>f</dt>
  <data>
    1.19277489e+00 1.28259206e+00 2.11893892e+00 1.18068135e+00
    1.15888178e+00 1.18112588e+00 1.19718456e+00 1.23672569e+00
    1.18157709e+00 1.01252377e+00 9.99827445e-01 1.30437326e+00
    1.21127951e+00 1.19468784e+00 1.13822830e+00 1.41217947e+00
    1.44169426e+00 1.23630250e+00 1.19913900e+00 1.24699378e+00
    1.30562294e+00 1.23607635e+00 1.27081108e+00 1.26730704e+00
    1.29744661e+00</data></Per_View_Reprojection_Errors>
<!-- a set of 6-tuples (rotation vector + translation vector) for each view -->
<Extrinsic_Parameters type_id="opencv-matrix">
  <rows>25</rows>
  <cols>6</cols>
  <dt>d</dt>
  <data>
    6.9203874781603752e-02 -1.5282435379136516e-01
    -1.9631615422055944e-02 -4.5108887379568057e+02
    -1.1140252599576510e+02 1.2009277416833622e+03
    5.4684627442619350e-02 -2.8982911585026438e-01
    -4.9461308078717979e-02 -4.9301583518127563e+02
    -7.9175623450173333e+01 1.1204615921594711e+03
    5.1745644236747095e-02 -2.4953302131621430e-01
    -7.2489839753313690e-02 -4.8507226397794068e+02
    -4.1621992992382332e+01 1.0838003121593256e+03
    9.9954013188585017e-02 1.4953137086936033e-01
    -6.6592586607716027e-03 -2.4154354949832771e+02
    -5.3127723098675716e+01 1.2070599877019051e+03
    1.2790239303244194e-01 1.7279478162514561e-01
    -2.9827227767858636e-03 -1.9791274569460830e+02
    -3.6234294222806980e+01 1.1999568400974063e+03
    1.1336041974733595e-01 2.4193839715779467e-01 1.5654968543842691e-02
    -1.3629009597700949e+02 -3.5589880706256707e+01
    1.2264416396220279e+03 1.2906146989357464e-01 2.7610432872470203e-01
    2.4721514406273317e-02 -7.9390477002085461e+01
    -2.7017499647043433e+01 1.2258767023575836e+03
    1.4613670543370733e-01 3.0112745983564604e-01 2.8690778580278953e-02
    -3.5116784075844933e+01 -2.3403537946888072e+01
    1.2236050250516687e+03 1.3297015050701452e-01 3.0712965404004128e-01
    4.2884199850591144e-02 1.2211579999694546e+01
    -2.6742554998068453e+01 1.2235687545895903e+03
    -1.9582862031296464e-01 2.1540116790621378e-01
    3.9930220056010407e-02 -1.9337895121689449e+01
    -7.5383642119345907e+01 1.3226494697148619e+03
    -2.8790648137310176e-01 1.5694185899908991e-01
    2.2127222497833186e-02 -8.5215567256467509e+01
    -1.4684610711254603e+01 1.3320191578085239e+03
    -4.1695824369584655e-01 6.6408529151735285e-02
    9.5660209253465769e-03 -1.5322807219476897e+02
    -2.9020769223837071e+01 1.3252736008036272e+03
    -3.1184035990162268e-01 6.9073977608527626e-02
    1.6315955910512856e-02 -1.4463131270307986e+02
    -1.0452858032712882e+02 1.3047658716569599e+03
    -1.8727821335301026e-01 6.3853810654787777e-02
    3.9624679013088915e-02 -1.4202237343866835e+02
    -1.9717317686315195e+02 1.2692445622169889e+03
    -1.5733189388370433e-01 5.4442838334228319e-02
    4.4940983016959778e-02 -1.4470013479829370e+02
    -2.4144184427438472e+02 1.2617580517692932e+03
    1.5861556285237330e-01 8.3805619934882253e-02 7.4708344678714858e-02
    -6.7563239402517937e+01 -7.6905819899117603e+01
    1.0831821238230300e+03 2.1651030185020817e-01 1.6701230847406312e-01
    1.1492207048740920e-01 3.4266621380428539e+01
    -1.0298485254894993e+02 1.1269886371386292e+03
    1.8508940414563033e-01 1.9601086526661854e-01 1.2270543376489552e-01
    9.5519836984456049e+01 -1.0284603115705440e+02
    1.1715829923710687e+03 1.5116272624972019e-01 2.0051675680588996e-01
    1.0455050928253086e-01 1.1712575403644513e+02
    -6.7950065424771878e+01 1.2409953827405691e+03
    1.5188132499057125e-01 1.5183078090397364e-01 9.4986359587111671e-02
    7.0588123917042935e+01 -6.5835238920984636e+01
    1.2110367319531961e+03 1.7651341132758658e-01 7.3179911685774590e-02
    8.6306684676664983e-02 -1.1999499365496193e+01
    -5.8864053036216156e+01 1.1474031052121877e+03
    1.7834668904158552e-01 4.1348410602532464e-02 7.6801486173206882e-02
    -5.8683118102516367e+01 -5.7399087048408653e+01
    1.1219697223164030e+03 1.5665710437222416e-01
    -6.2990437939212801e-03 7.2713013254323111e-02
    -8.9901937685479382e+01 -5.9297050054354656e+01
    1.1063559416881128e+03 1.4278655817558678e-01
    -4.7829423027660897e-02 6.6651826448014734e-02
    -1.2295671539943211e+02 -6.2313210693855439e+01
    1.0884573061007968e+03 1.3496569655545088e-01
    -7.1080420050004367e-02 6.6429989366549189e-02
    -1.4039124772314531e+02 -6.4801511843917567e+01
    1.0752154327380040e+03</data></Extrinsic_Parameters>
