<?xml version="1.0"?>
<opencv_storage>
<calibration_Time>"Thu Nov 23 08:49:14 2017"</calibration_Time>
<nrOfFrames>25</nrOfFrames>
<image_Width>1280</image_Width>
<image_Height>720</image_Height>
<board_Width>9</board_Width>
<board_Height>6</board_Height>
<square_Size>50.</square_Size>
<FixAspectRatio>1.</FixAspectRatio>
<!-- flags:  +fix_aspectRatio +fix_principal_point +zero_tangent_dist -->
<flagValue>14</flagValue>
<Camera_Matrix type_id="opencv-matrix">
  <rows>3</rows>
  <cols>3</cols>
  <dt>d</dt>
  <data>
    1.0320298690780055e+03 0. 6.3950000000000000e+02 0.
    1.0320298690780055e+03 3.5950000000000000e+02 0. 0. 1.</data></Camera_Matrix>
<Distortion_Coefficients type_id="opencv-matrix">
  <rows>5</rows>
  <cols>1</cols>
  <dt>d</dt>
  <data>
    -1.7933592560254147e-01 1.2720746410505617e+00 0. 0.
    -3.0937621301304405e+00</data></Distortion_Coefficients>
<Avg_Reprojection_Error>8.7782486438829621e-01</Avg_Reprojection_Error>
<Per_View_Reprojection_Errors type_id="opencv-matrix">
  <rows>25</rows>
  <cols>1</cols>
  <dt>f</dt>
  <data>
    2.21612453e-01 2.31097192e-01 2.99530715e-01 2.42930368e-01
    2.66946346e-01 5.35264015e-01 6.84210241e-01 9.72188592e-01
    7.85295963e-01 4.18953896e-01 2.51320392e-01 6.91017210e-01
    3.68799329e+00 6.35519028e-01 3.73100787e-01 2.10945636e-01
    1.78235307e-01 2.47694120e-01 2.50415057e-01 2.93857157e-01
    2.24871740e-01 2.06101283e-01 1.94046557e-01 6.44015074e-01
    9.65766251e-01</data></Per_View_Reprojection_Errors>
<!-- a set of 6-tuples (rotation vector + translation vector) for each view -->
<Extrinsic_Parameters type_id="opencv-matrix">
  <rows>25</rows>
  <cols>6</cols>
  <dt>d</dt>
  <data>
    -1.2341508197835684e-01 5.1218910494659292e-02
    1.4230620980285541e-02 -2.4006360970880303e+02
    -1.6308600795920486e+02 1.1018404409520215e+03
    -1.1943555374539469e-01 5.9566330279387902e-02
    1.4707289871636381e-02 -2.4372524142276259e+02
    -1.6308333481643484e+02 1.1084471454936076e+03
    -1.2501275505262496e-01 4.7362012333968632e-02
    1.0614519965352854e-02 -2.4201994448707643e+02
    -1.6335487900525914e+02 1.1066797666619150e+03
    -1.2098449838065151e-01 5.3125934665610643e-02
    1.3818105723199338e-02 -2.3391706120488342e+02
    -1.6803951968416106e+02 1.1043387158479568e+03
    -1.1761602306524617e-01 6.2242493153906529e-02
    1.3553633988622334e-02 -2.2817915581520882e+02
    -1.6939804056635182e+02 1.1053602811790288e+03
    -9.6816925427511080e-02 9.2379954691573382e-02
    1.7766378997009925e-02 -2.0402077175879106e+02
    -1.7668501436229204e+02 1.1086368306663787e+03
    -7.1223529206638422e-02 1.2348371877836507e-01
    2.7340676618349626e-02 -1.5838101599299137e+02
    -1.8350474160570425e+02 1.1122486943352937e+03
    -6.1361475312679270e-02 1.6560841174297022e-01
    4.8804387486722486e-02 -9.1677909738481418e+01
    -2.0508513957004990e+02 1.1296464440345217e+03
    -5.4694931792596928e-02 2.3223500654666393e-01
    7.4326350010574999e-02 -3.3632049780139418e+01
    -2.2983718976943470e+02 1.1540649501017172e+03
    -4.1511101126194508e-02 2.9132645245913324e-01
    9.5260434488893792e-02 4.1144347085974708e+01
    -2.4872189527013114e+02 1.1488214176265381e+03
    -4.2328516138667518e-02 3.2406716064911839e-01
    1.0597885993814272e-01 5.4723625725850525e+01
    -2.5443842022552562e+02 1.1532099947618458e+03
    -7.4429404688583209e-02 3.0810042219893913e-01
    8.1635213416505953e-02 -4.9732801177078976e+01
    -2.3338339490331569e+02 1.1697764222358028e+03
    -1.0401304835605263e-01 2.4261032927492560e-01
    6.9852696421551619e-02 -1.3868718039392726e+02
    -2.5580979291461779e+02 1.1891783454248603e+03
    -7.1184988883291750e-02 1.4511437242866995e-01
    2.6814570017814853e-02 -2.3538350864397154e+02
    -2.2728719780842980e+02 1.1597381796111072e+03
    -8.0799044632105868e-02 -7.0152468045650736e-03
    -2.1661808669111941e-02 -3.9935874174635774e+02
    -2.0756378384164293e+02 1.1575186169360099e+03
    -4.9499090372471036e-02 -4.5239004802383721e-02
    -3.2743664811755710e-02 -4.4871656165051866e+02
    -1.8940652205953847e+02 1.1519769914873491e+03
    -3.5521297070136508e-02 -7.1518405103269178e-02
    -3.2717557434524709e-02 -4.4846700017631423e+02
    -1.9029697227532927e+02 1.1419302997556861e+03
    -3.8076894060701652e-02 -7.6767933700424965e-02
    -3.0837586634091956e-02 -4.5292134772960600e+02
    -1.9279452922789116e+02 1.1435005459913205e+03
    -3.7876704775886727e-02 -7.5062677182497942e-02
    -2.9439905040945180e-02 -4.7471880146166632e+02
    -1.9687175490776420e+02 1.1583734107912951e+03
    -3.1204711988821809e-02 -7.9752216467542103e-02
    -3.6500813154650695e-02 -4.9754760789268647e+02
    -1.8904792116609917e+02 1.1580976573112694e+03
    -4.1182193960326539e-02 -1.3339509061747640e-01
    -5.7108543959768304e-02 -5.0272977846012111e+02
    -1.7351722062364522e+02 1.1407255122124977e+03
    -5.0331203872466979e-02 -1.7026495792423463e-01
    -5.6601893550849339e-02 -4.9858046312239338e+02
    -1.7440790125087830e+02 1.1332968955082522e+03
    -4.5124307320100490e-02 -2.0615394676740961e-01
    -5.5821710313770950e-02 -4.8643465028978181e+02
    -1.7259199334892045e+02 1.1057511986234961e+03
    8.6854889990571352e-02 -1.1842409440970256e-01
    -3.3352261956035772e-02 -4.1005468773207372e+02
    -1.8476967062418024e+02 1.0774877998903212e+03
    1.9970043028468620e-01 -3.9780207326468593e-02
    -8.0914150940029211e-03 -3.7518926306380285e+02
    -2.0191204168549012e+02 1.0857939464807253e+03</data></Extrinsic_Parameters>
